400.210000 10.859212
402.650000 13.569615
405.090000 11.807637
407.530000 13.208442
409.970000 13.403906
412.420000 12.978886
414.860000 12.246929
417.310000 13.702894
419.760000 13.019933
422.210000 13.707518
424.660000 14.703032
427.110000 17.217196
429.560000 21.999237
432.010000 22.362002
434.460000 28.444450
436.920000 33.617705
439.380000 45.094193
441.830000 60.202821
444.290000 68.860422
446.750000 81.029272
449.210000 93.909888
451.670000 116.485079
454.130000 154.272902
456.590000 200.830063
459.060000 269.198579
461.520000 361.810944
463.990000 486.510142
466.460000 659.975650
468.930000 887.465564
471.390000 1186.477568
473.870000 1573.964643
476.340000 2087.514974
478.810000 2754.669646
481.280000 3586.948417
483.760000 4623.124995
486.230000 5895.048809
488.710000 7422.801386
491.190000 9156.988036
493.660000 10970.744318
496.140000 12744.533428
498.630000 14328.428727
501.110000 15484.291729
503.590000 16001.609464
506.070000 15866.652465
508.560000 15060.067980
511.040000 13786.819810
513.530000 12268.517368
516.020000 10715.871888
518.510000 9254.276635
521.000000 7966.254504
523.490000 6856.863948
525.980000 5854.629331
528.470000 4998.375468
530.970000 4226.573559
533.460000 3558.126763
535.960000 2964.991333
538.460000 2479.306765
540.950000 2071.130359
543.450000 1733.310523
545.950000 1468.902487
548.460000 1235.651313
550.960000 1050.876444
553.460000 885.104708
555.970000 755.485309
558.470000 639.903081
560.980000 555.433848
563.490000 488.786990
565.990000 426.603272
568.500000 386.956619
571.010000 346.791650
573.530000 316.826237
576.040000 296.577450
578.550000 279.944584
581.070000 267.270692
583.580000 254.746779
586.100000 254.598760
588.620000 248.253443
591.140000 249.693138
593.660000 252.664738
596.180000 263.657901
598.700000 275.113526
601.220000 294.833261
603.750000 325.264962
606.270000 365.947821
608.800000 417.709192
611.330000 495.095489
613.860000 591.433297
616.380000 717.432541
618.920000 874.431596
621.450000 1094.431595
623.980000 1369.269015
626.510000 1737.864764
629.050000 2209.171961
631.580000 2812.103070
634.120000 3579.420168
636.660000 4559.797091
639.200000 5792.453577
641.740000 7243.188293
644.280000 8865.092124
646.820000 10791.343507
649.360000 13227.545973
651.900000 16224.205412
654.450000 19585.997787
657.000000 22792.467840
659.540000 24510.339034
662.090000 22627.860352
664.640000 16989.154067
667.190000 10944.639077
669.740000 6779.667348
672.290000 4283.716398
674.850000 2782.065754
677.400000 1837.812013
679.960000 1237.532752
682.510000 837.171680
685.070000 587.431297
687.630000 428.302995
690.190000 319.245753
692.750000 239.511462
695.310000 181.146259
697.870000 137.147471
