400.210000 380.661308
402.650000 592.246975
405.090000 945.073174
407.530000 1525.441383
409.970000 2480.878690
412.420000 3983.005443
414.860000 6333.538834
417.310000 9742.956711
419.760000 14516.866556
422.210000 20766.158934
424.660000 27626.646989
427.110000 32770.441220
429.560000 33160.016151
432.010000 28248.394984
434.460000 21089.682375
436.920000 15016.357298
439.380000 10971.240160
441.830000 8278.126789
444.290000 6183.527491
446.750000 4468.912381
449.210000 3186.014241
451.670000 2295.689094
454.130000 1717.243989
456.590000 1315.932298
459.060000 1002.888844
461.520000 755.210256
463.990000 568.049906
466.460000 438.208888
468.930000 349.167479
471.390000 295.676474
473.870000 263.825420
476.340000 245.961316
478.810000 247.737801
481.280000 267.360988
483.760000 304.889866
486.230000 363.645983
488.710000 454.063749
491.190000 571.671695
493.660000 722.498613
496.140000 928.105712
498.630000 1177.367798
501.110000 1483.690368
503.590000 1851.583004
506.070000 2283.459132
508.560000 2756.680346
511.040000 3255.846335
513.530000 3747.434589
516.020000 4172.533513
518.510000 4502.013745
521.000000 4715.821740
523.490000 4764.792089
525.980000 4669.748762
528.470000 4451.551192
530.970000 4152.231070
533.460000 3805.824013
535.960000 3448.557827
538.460000 3097.721612
540.950000 2773.479113
543.450000 2483.777097
545.950000 2217.007960
548.460000 1983.108429
550.960000 1779.196596
553.460000 1587.214893
555.970000 1420.346312
558.470000 1280.304555
560.980000 1152.453176
563.490000 1050.792690
565.990000 952.357875
568.500000 884.183046
571.010000 819.309827
573.530000 759.700686
576.040000 712.611612
578.550000 672.472791
581.070000 632.213925
583.580000 600.338705
586.100000 574.882632
588.620000 548.324393
591.140000 520.129121
593.660000 499.747433
596.180000 481.498496
598.700000 457.543970
601.220000 440.890505
603.750000 419.228319
606.270000 400.948115
608.800000 382.252816
611.330000 366.895931
613.860000 349.615481
616.380000 332.205215
618.920000 316.348647
621.450000 301.662471
623.980000 283.194051
626.510000 271.635283
629.050000 255.977326
631.580000 244.003476
634.120000 234.192398
636.660000 219.525400
639.200000 203.493544
641.740000 195.790240
644.280000 186.286579
646.820000 175.436845
649.360000 163.569422
651.900000 155.299868
654.450000 145.658634
657.000000 141.042076
659.540000 129.824618
662.090000 118.669273
664.640000 114.059172
667.190000 107.028351
669.740000 98.756983
672.290000 93.363549
674.850000 88.080739
677.400000 84.560638
679.960000 77.548471
682.510000 73.924113
685.070000 71.427744
687.630000 67.420951
690.190000 63.804457
692.750000 58.714085
695.310000 54.662263
697.870000 50.241126
