400.210000 12.108870
402.650000 13.994165
405.090000 14.333601
407.530000 14.764258
409.970000 13.708134
412.420000 15.775719
414.860000 14.580467
417.310000 16.221367
419.760000 17.293602
422.210000 18.598452
424.660000 23.837230
427.110000 29.795162
429.560000 39.402558
432.010000 44.270498
434.460000 59.854536
436.920000 75.583246
439.380000 92.927353
441.830000 113.070313
444.290000 124.275895
446.750000 139.857971
449.210000 157.216091
451.670000 190.853810
454.130000 246.326425
456.590000 315.642234
459.060000 417.045117
461.520000 555.215461
463.990000 745.119353
466.460000 1007.912198
468.930000 1351.261465
471.390000 1804.313634
473.870000 2390.533654
476.340000 3169.013491
478.810000 4180.236575
481.280000 5442.314253
483.760000 7014.245141
486.230000 8943.624475
488.710000 11261.247592
491.190000 13890.267012
493.660000 16642.031969
496.140000 19332.967497
498.630000 21736.556985
501.110000 23491.858001
503.590000 24276.644320
506.070000 24074.145557
508.560000 22855.089039
511.040000 20926.627076
513.530000 18626.801868
516.020000 16279.080625
518.510000 14074.037783
521.000000 12131.967908
523.490000 10466.210482
525.980000 8968.029350
528.470000 7697.709884
530.970000 6561.658439
533.460000 5591.275214
535.960000 4745.190953
538.460000 4079.494299
540.950000 3545.336601
543.450000 3131.453576
545.950000 2845.371466
548.460000 2628.333082
550.960000 2499.483254
553.460000 2421.457594
555.970000 2408.552508
558.470000 2432.208603
560.980000 2516.158979
563.490000 2636.164927
565.990000 2734.406322
568.500000 2920.155880
571.010000 3053.433778
573.530000 3214.845004
576.040000 3361.813067
578.550000 3498.556311
581.070000 3620.340847
583.580000 3711.375177
586.100000 3797.920275
588.620000 3849.515382
591.140000 3879.830535
593.660000 3895.777909
596.180000 3897.073858
598.700000 3862.341230
601.220000 3818.812167
603.750000 3751.157071
606.270000 3670.071091
608.800000 3588.058241
611.330000 3487.089558
613.860000 3385.261428
616.380000 3266.181027
618.920000 3137.652605
621.450000 3020.095001
623.980000 2883.716373
626.510000 2761.816687
629.050000 2624.007070
631.580000 2499.010232
634.120000 2371.717895
636.660000 2249.395971
639.200000 2114.856056
641.740000 1996.664760
644.280000 1877.005912
646.820000 1770.475108
649.360000 1661.119400
651.900000 1559.270748
654.450000 1462.306024
657.000000 1369.101001
659.540000 1274.696310
662.090000 1186.742625
664.640000 1099.245138
667.190000 1019.876805
669.740000 941.979600
672.290000 873.070108
674.850000 813.318678
677.400000 749.609437
679.960000 696.440844
682.510000 642.311308
685.070000 598.028339
687.630000 554.819386
690.190000 519.190844
692.750000 482.558231
695.310000 444.590677
697.870000 412.033246
