400.210000 300.534149
402.650000 466.949079
405.090000 742.362327
407.530000 1197.955711
409.970000 1947.671534
412.420000 3125.453323
414.860000 4970.124120
417.310000 7646.454872
419.760000 11393.398714
422.210000 16299.579980
424.660000 21685.255001
427.110000 25723.992271
429.560000 26030.760192
432.010000 22175.707124
434.460000 16556.373501
436.920000 11787.705096
439.380000 8613.319644
441.830000 6499.654159
444.290000 4854.812826
446.750000 3508.362127
449.210000 2501.482349
451.670000 1802.358710
454.130000 1348.493214
456.590000 1033.127905
459.060000 787.137996
461.520000 592.384714
463.990000 444.207851
466.460000 341.707030
468.930000 271.149786
471.390000 227.818626
473.870000 201.223317
476.340000 184.850440
478.810000 182.773741
481.280000 193.490143
483.760000 216.838461
486.230000 254.441758
488.710000 313.433299
491.190000 391.439850
493.660000 489.967477
496.140000 626.684063
498.630000 793.020064
501.110000 998.216191
503.590000 1247.938103
506.070000 1543.494368
508.560000 1869.459044
511.040000 2216.179811
513.530000 2558.962404
516.020000 2855.332785
518.510000 3082.219065
521.000000 3228.225746
523.490000 3255.184035
525.980000 3178.068609
528.470000 3011.960016
530.970000 2788.145268
533.460000 2531.184192
535.960000 2266.742932
538.460000 2007.778935
540.950000 1768.656298
543.450000 1555.462415
545.950000 1361.224500
548.460000 1189.498555
550.960000 1041.356968
553.460000 902.125517
555.970000 781.461012
558.470000 681.966322
560.980000 590.403944
563.490000 519.325498
565.990000 452.719298
568.500000 404.558335
571.010000 361.104566
573.530000 322.904157
576.040000 293.585548
578.550000 270.264657
581.070000 247.460327
583.580000 231.535802
586.100000 221.892956
588.620000 212.206771
591.140000 202.438851
593.660000 200.118306
596.180000 202.116867
598.700000 202.181777
601.220000 211.997583
603.750000 222.883400
606.270000 243.859105
608.800000 270.268529
611.330000 314.241563
613.860000 364.660057
616.380000 434.376908
618.920000 524.666128
621.450000 649.365826
623.980000 803.991067
626.510000 1015.811971
629.050000 1286.856438
631.580000 1633.004423
634.120000 2076.762762
636.660000 2637.504423
639.200000 3346.378399
641.740000 4183.606464
644.280000 5118.093041
646.820000 6226.291137
649.360000 7627.409009
651.900000 9355.018636
654.450000 11288.333666
657.000000 13139.281435
659.540000 14127.141392
662.090000 13039.810098
664.640000 9793.216006
667.190000 6309.793272
669.740000 3910.620310
672.290000 2473.546711
674.850000 1607.362970
677.400000 1065.250357
679.960000 716.746914
682.510000 487.344849
685.070000 344.601994
687.630000 253.309219
690.190000 189.581858
692.750000 142.307645
695.310000 107.985871
697.870000 81.331144
