400.210000 28.917716
402.650000 38.513113
405.090000 46.460548
407.530000 57.263602
409.970000 71.113605
412.420000 85.655269
414.860000 103.017459
417.310000 121.913161
419.760000 142.764064
422.210000 169.357004
424.660000 202.964146
427.110000 255.441503
429.560000 329.938988
432.010000 445.601904
434.460000 626.972024
436.920000 883.484660
439.380000 1250.107737
441.830000 1738.471964
444.290000 2362.345498
446.750000 3155.063175
449.210000 4122.721252
451.670000 5294.166792
454.130000 6712.864221
456.590000 8328.277476
459.060000 10083.202709
461.520000 11777.519678
463.990000 13191.767086
466.460000 14138.608778
468.930000 14450.004948
471.390000 14239.719416
473.870000 13680.558137
476.340000 12900.390300
478.810000 12028.471411
481.280000 11098.491675
483.760000 10229.895350
486.230000 9632.133943
488.710000 9361.328859
491.190000 9395.206034
493.660000 9667.367574
496.140000 10108.656469
498.630000 10584.076054
501.110000 10977.390557
503.590000 11158.210977
506.070000 11085.552994
508.560000 10726.885856
511.040000 10163.074994
513.530000 9503.689587
516.020000 8813.044953
518.510000 8176.570047
521.000000 7606.658198
523.490000 7116.752794
525.980000 6670.365323
528.470000 6292.732801
530.970000 5941.010656
533.460000 5632.591073
535.960000 5360.562506
538.460000 5126.402239
540.950000 4932.968465
543.450000 4763.847526
545.950000 4624.175954
548.460000 4503.490031
550.960000 4398.631537
553.460000 4293.713268
555.970000 4210.260461
558.470000 4117.567591
560.980000 4044.324112
563.490000 3975.664968
565.990000 3867.044504
568.500000 3838.918794
571.010000 3773.445569
573.530000 3695.965107
576.040000 3624.837423
578.550000 3560.169648
581.070000 3481.780299
583.580000 3397.831416
586.100000 3325.444090
588.620000 3235.776488
591.140000 3147.863661
593.660000 3056.250093
596.180000 2968.988530
598.700000 2871.831258
601.220000 2777.215649
603.750000 2677.321693
606.270000 2570.319013
608.800000 2467.060572
611.330000 2369.023832
613.860000 2280.797568
616.380000 2180.595218
618.920000 2077.330843
621.450000 1982.212881
623.980000 1891.084047
626.510000 1803.754942
629.050000 1714.682603
631.580000 1629.620419
634.120000 1545.911034
636.660000 1473.438029
639.200000 1388.055538
641.740000 1312.052657
644.280000 1241.894859
646.820000 1174.428074
649.360000 1110.875764
651.900000 1044.563087
654.450000 992.180490
657.000000 938.176896
659.540000 876.243321
662.090000 825.212485
664.640000 769.702694
667.190000 723.956172
669.740000 679.287347
672.290000 636.498340
674.850000 594.490882
677.400000 561.521249
679.960000 530.093140
682.510000 494.084722
685.070000 466.397126
687.630000 437.685109
690.190000 414.326208
692.750000 387.421837
695.310000 365.484844
697.870000 342.797414
