400.210000 10.779675
402.650000 13.466119
405.090000 11.898614
407.530000 13.211744
409.970000 13.280210
412.420000 13.080565
414.860000 12.258159
417.310000 13.725665
419.760000 13.163169
422.210000 13.828854
424.660000 15.026107
427.110000 17.703688
429.560000 22.730267
432.010000 22.988393
434.460000 29.432772
436.920000 35.250649
439.380000 47.116292
441.830000 63.173010
444.290000 72.609368
446.750000 85.838176
449.210000 99.699132
451.670000 124.154304
454.130000 164.807237
456.590000 215.010989
459.060000 288.617745
461.520000 388.258604
463.990000 522.703554
466.460000 709.360935
468.930000 954.131576
471.390000 1275.982588
473.870000 1692.948372
476.340000 2245.631808
478.810000 2963.631172
481.280000 3859.361688
483.760000 4974.453634
486.230000 6343.288509
488.710000 7987.469150
491.190000 9853.544930
493.660000 11805.494477
496.140000 13714.367609
498.630000 15418.898766
501.110000 16662.914431
503.590000 17219.470558
506.070000 17074.240287
508.560000 16206.396305
511.040000 14836.005943
513.530000 13201.822420
516.020000 11530.889645
518.510000 9958.261045
521.000000 8571.969537
523.490000 7378.065541
525.980000 6299.482610
528.470000 5378.059212
530.970000 4547.336993
533.460000 3827.914490
535.960000 3189.486041
538.460000 2666.952930
540.950000 2227.753820
543.450000 1864.394684
545.950000 1579.495684
548.460000 1328.673042
550.960000 1129.694789
553.460000 951.366284
555.970000 811.854281
558.470000 687.321858
560.980000 596.527363
563.490000 524.653331
565.990000 457.753592
568.500000 414.863011
571.010000 371.524476
573.530000 338.930133
576.040000 317.017289
578.550000 298.560889
581.070000 284.413755
583.580000 270.322415
586.100000 268.925733
588.620000 260.894365
591.140000 260.888484
593.660000 262.006700
596.180000 270.885775
598.700000 279.560194
601.220000 295.811808
603.750000 322.062498
606.270000 357.167545
608.800000 402.165944
611.330000 469.886606
613.860000 555.262951
616.380000 666.567017
618.920000 805.135438
621.450000 1000.624837
623.980000 1244.555534
626.510000 1572.711533
629.050000 1991.526076
631.580000 2528.804418
634.120000 3212.343320
636.660000 4086.446759
639.200000 5184.591291
641.740000 6478.408406
644.280000 7924.773932
646.820000 9642.798784
649.360000 11815.817776
651.900000 14488.642808
654.450000 17488.138599
657.000000 20347.987083
659.540000 21879.990285
662.090000 20199.638760
664.640000 15167.920703
667.190000 9774.283786
669.740000 6056.886196
672.290000 3829.196172
674.850000 2489.333335
677.400000 1646.028641
679.960000 1110.317371
682.510000 752.574897
685.070000 529.387448
687.630000 386.925042
690.190000 289.553128
692.750000 218.156351
695.310000 165.824693
697.870000 126.391463
