400.210000 457.839567
402.650000 712.100108
405.090000 1135.541221
407.530000 1830.149904
409.970000 2971.748566
412.420000 4764.449057
414.860000 7564.591773
417.310000 11625.063303
419.760000 17307.213025
422.210000 24742.632779
424.660000 32902.973947
427.110000 39019.972947
429.560000 39478.329829
432.010000 33631.786164
434.460000 25111.449181
436.920000 17883.255969
439.380000 13069.309475
441.830000 9863.432289
444.290000 7369.935689
446.750000 5328.109375
449.210000 3797.282102
451.670000 2735.052193
454.130000 2042.774582
456.590000 1561.383760
459.060000 1185.665384
461.520000 886.714544
463.990000 660.063435
466.460000 499.561198
468.930000 386.932000
471.390000 313.640101
473.870000 261.776784
476.340000 223.772718
478.810000 203.555018
481.280000 201.076042
483.760000 207.169966
486.230000 236.831970
488.710000 285.942995
491.190000 360.421876
493.660000 453.576254
496.140000 575.072303
498.630000 718.251262
501.110000 882.944130
503.590000 1062.182006
506.070000 1247.924483
508.560000 1430.532364
511.040000 1604.618212
513.530000 1762.101625
516.020000 1898.730562
518.510000 2021.618329
521.000000 2122.532740
523.490000 2204.359816
525.980000 2272.316465
528.470000 2327.733508
530.970000 2371.048956
533.460000 2405.889178
535.960000 2433.284008
538.460000 2448.472649
540.950000 2463.221945
543.450000 2468.781354
545.950000 2471.739103
548.460000 2471.027058
550.960000 2471.685757
553.460000 2458.152451
555.970000 2449.511544
558.470000 2431.669295
560.980000 2414.464031
563.490000 2396.932782
565.990000 2350.454368
568.500000 2343.123882
571.010000 2316.760815
573.530000 2277.951381
576.040000 2242.341141
578.550000 2211.225684
581.070000 2164.869981
583.580000 2118.506503
586.100000 2079.504359
588.620000 2027.368609
591.140000 1971.291626
593.660000 1917.014779
596.180000 1866.839294
598.700000 1801.929551
601.220000 1744.801094
603.750000 1680.646175
606.270000 1614.616162
608.800000 1550.492544
611.330000 1489.951501
613.860000 1432.400069
616.380000 1369.810824
618.920000 1303.756237
621.450000 1244.245669
623.980000 1184.591732
626.510000 1132.089908
629.050000 1073.862733
631.580000 1021.312192
634.120000 972.951709
636.660000 923.038443
639.200000 867.928060
641.740000 822.662283
644.280000 782.062453
646.820000 738.151199
649.360000 695.739320
651.900000 656.433664
654.450000 619.779749
657.000000 592.909504
659.540000 550.944277
662.090000 514.831427
664.640000 483.976894
667.190000 455.701394
669.740000 425.929339
672.290000 400.233012
674.850000 373.922847
677.400000 355.324704
679.960000 333.407023
682.510000 312.569939
685.070000 297.209227
687.630000 279.216178
690.190000 263.960377
692.750000 245.011522
695.310000 231.026749
697.870000 214.710811
